1 0.563662 0.498221 0.043898 0.108160
1 0.103125 0.665736 0.045509 0.104294
1 0.602102 0.634985 0.046796 0.084172
1 0.619602 0.635544 0.038556 0.093390
1 0.664181 0.520606 0.041602 0.090445
1 0.280301 0.784548 0.052380 0.111979
1 0.214000 0.769778 0.053481 0.114433
1 0.678810 0.589479 0.042009 0.107362
1 0.014977 0.546748 0.029954 0.094755
1 0.132750 0.643190 0.040667 0.088282
1 0.714176 0.533029 0.051815 0.119985
1 0.924829 0.379939 0.062176 0.137699
1 0.779037 0.932623 0.031074 0.053190
1 0.441394 0.912117 0.035657 0.083681
1 0.427532 0.383919 0.048676 0.109862
1 0.266495 0.678696 0.042713 0.091012
1 0.512736 0.468574 0.052954 0.133344
1 0.484588 0.509586 0.043898 0.139172
1 0.378639 0.621189 0.040667 0.100905
