1 0.168950 0.453775 0.123100 0.133950
1 0.247442 0.536250 0.110417 0.131400
1 0.901675 0.699208 0.079317 0.089517
1 0.916475 0.675983 0.088017 0.097833
1 0.746833 0.478733 0.123967 0.105200
1 0.845708 0.472058 0.144283 0.158750
1 0.904500 0.509350 0.078133 0.106133
1 0.749450 0.736800 0.095367 0.110067
1 0.548200 0.526533 0.154167 0.163467
1 0.454725 0.452558 0.093917 0.111183
1 0.397800 0.538233 0.096133 0.137767
1 0.842817 0.708900 0.089533 0.110133
1 0.205692 0.790775 0.188817 0.269183
1 0.626458 0.667567 0.108083 0.155967
