1 0.617300 0.782760 0.058140 0.125147
1 0.674615 0.739933 0.054270 0.089707
1 0.705335 0.719820 0.041010 0.064227
1 0.655930 0.682540 0.045680 0.057587
1 0.682900 0.790907 0.046000 0.074880
1 0.875285 0.737927 0.047070 0.058147
1 0.876550 0.761620 0.045920 0.058760
1 0.894765 0.749773 0.036250 0.054133
1 0.954985 0.698767 0.029510 0.035427
1 0.410115 0.574907 0.079030 0.080480
1 0.435485 0.575287 0.068450 0.086387
1 0.961125 0.679627 0.031650 0.035947
1 0.166785 0.559047 0.087050 0.100120
1 0.084990 0.694867 0.065780 0.082400
1 0.108245 0.817353 0.077750 0.131560
1 0.173030 0.827987 0.073760 0.120933
1 0.222700 0.752233 0.048840 0.091693
1 0.234495 0.695533 0.049170 0.070427
1 0.268220 0.726547 0.052160 0.080187
1 0.291810 0.758220 0.054820 0.089480
1 0.393470 0.799633 0.060800 0.087267
1 0.317620 0.634800 0.049840 0.068213
1 0.398955 0.710600 0.066450 0.097013
1 0.438495 0.765307 0.049170 0.086827
1 0.484175 0.751347 0.060130 0.100560
1 0.544140 0.746480 0.050500 0.093467
1 0.593275 0.780693 0.057590 0.094507
