1 0.215332 0.820059 0.040039 0.073746
1 0.982910 0.603245 0.034180 0.138643
1 0.970215 0.480088 0.049805 0.081121
1 0.960449 0.408555 0.061523 0.120944
1 0.948730 0.887168 0.090820 0.157817
1 0.781738 0.870206 0.079102 0.182891
1 0.507812 0.675516 0.068359 0.156342
1 0.446777 0.561209 0.063477 0.128319
1 0.454102 0.606195 0.070312 0.123894
1 0.381836 0.482301 0.056641 0.076696
1 0.345215 0.355457 0.063477 0.120944
1 0.305176 0.294985 0.036133 0.050147
1 0.333008 0.462389 0.050781 0.092920
1 0.288574 0.479351 0.057617 0.112094
1 0.250488 0.525811 0.053711 0.110619
1 0.301270 0.570059 0.061523 0.128319
1 0.276855 0.648230 0.043945 0.084071
1 0.270020 0.598083 0.040039 0.087021
1 0.250977 0.778761 0.042969 0.094395
0 0.657227 0.746313 0.074219 0.112094
0 0.880371 0.857670 0.073242 0.128319
