1 0.533636 0.363620 0.136000 0.192663
1 0.337709 0.373983 0.090218 0.134504
1 0.359555 0.230835 0.096200 0.156295
1 0.338773 0.548717 0.094636 0.143535
1 0.299673 0.577954 0.055491 0.096731
1 0.335555 0.635436 0.052891 0.079298
1 0.423200 0.561901 0.085818 0.139540
1 0.508191 0.552373 0.092127 0.180726
1 0.505691 0.476186 0.069855 0.107191
1 0.588182 0.391695 0.105382 0.184988
1 0.657409 0.356598 0.131727 0.168402
1 0.684800 0.672748 0.124145 0.201332
1 0.974545 0.490508 0.042145 0.074576
1 0.148855 0.526017 0.048073 0.074019
