1 0.092285 0.831163 0.071289 0.144965
1 0.382080 0.693142 0.037598 0.073785
1 0.372070 0.752604 0.038086 0.092014
1 0.405273 0.725260 0.040039 0.082465
1 0.424072 0.755642 0.040527 0.089410
1 0.327881 0.561198 0.071777 0.092882
1 0.444092 0.634983 0.036621 0.065104
1 0.505127 0.709635 0.049316 0.099826
1 0.501709 0.798177 0.044434 0.085938
1 0.534180 0.763021 0.040039 0.090278
1 0.568848 0.748264 0.044922 0.107639
1 0.615967 0.747830 0.040527 0.091146
1 0.651367 0.777344 0.041992 0.101562
1 0.669678 0.778646 0.042480 0.119792
1 0.696777 0.683160 0.036133 0.057292
1 0.711914 0.740017 0.045898 0.094618
1 0.731201 0.718750 0.035645 0.064236
1 0.717041 0.794705 0.034668 0.065104
1 0.860596 0.737847 0.033691 0.055556
1 0.863037 0.759549 0.033691 0.060764
1 0.876465 0.744792 0.026367 0.057292
1 0.912354 0.669271 0.017090 0.029514
1 0.927002 0.679253 0.024902 0.035590
1 0.921387 0.699653 0.023438 0.034722
1 0.979492 0.756510 0.022461 0.040799
1 0.960205 0.797309 0.027832 0.052951
1 0.286621 0.816840 0.062500 0.130208
1 0.270020 0.691840 0.050781 0.092014
1 0.181152 0.696615 0.061523 0.101562
1 0.333984 0.829861 0.055664 0.114583
0 0.241943 0.812066 0.055176 0.108507
0 0.346924 0.592014 0.051270 0.095486
0 0.474854 0.821615 0.042480 0.075521
1 0.518311 0.585503 0.052246 0.089410
