1 0.266478 0.525122 0.016344 0.048067
1 0.444641 0.679722 0.038794 0.100756
1 0.475206 0.587178 0.033225 0.067556
1 0.593050 0.447822 0.052950 0.127733
1 0.290675 0.536289 0.023075 0.063578
1 0.303394 0.425417 0.031438 0.081256
1 0.303513 0.503606 0.027975 0.069989
1 0.565638 0.462589 0.037587 0.089333
1 0.436572 0.407339 0.037131 0.104100
1 0.771047 0.491311 0.050869 0.139533
1 0.787566 0.722833 0.043106 0.121378
1 0.827359 0.749906 0.047844 0.144856
1 0.805759 0.807450 0.063044 0.173656
1 0.968812 0.845056 0.062375 0.216178
1 0.503475 0.619861 0.037350 0.088700
1 0.401875 0.594722 0.025238 0.088867
1 0.416809 0.592817 0.032156 0.084856
1 0.214231 0.722472 0.021025 0.053411
1 0.514181 0.727017 0.043513 0.145144
1 0.466672 0.795161 0.030731 0.086389
1 0.373722 0.766833 0.031294 0.094333
1 0.526750 0.547439 0.035137 0.085989
1 0.247334 0.719056 0.020669 0.070489
1 0.229731 0.674622 0.022475 0.060244
