1 0.939063 0.763542 0.115625 0.222917
1 0.164844 0.777083 0.095312 0.200000
1 0.232031 0.710417 0.117188 0.245833
1 0.174219 0.329167 0.107813 0.216667
1 0.396875 0.443750 0.106250 0.200000
1 0.471094 0.671875 0.101562 0.206250
1 0.542969 0.737500 0.114062 0.220833
1 0.692969 0.389583 0.142187 0.283333
1 0.732812 0.593750 0.153125 0.275000
1 0.063281 0.796875 0.114062 0.256250
1 0.859375 0.848958 0.125000 0.227083
0 0.513281 0.244792 0.139063 0.185417
0 0.550781 0.734375 0.079687 0.143750
0 0.263281 0.423958 0.082812 0.122917
