1 0.533636 0.363196 0.136364 0.193705
1 0.338182 0.374092 0.090909 0.133172
1 0.359091 0.231235 0.096364 0.157385
1 0.338182 0.548426 0.094545 0.142857
1 0.300000 0.578692 0.054545 0.096852
1 0.335455 0.635593 0.052727 0.079903
1 0.422727 0.561743 0.085455 0.140436
1 0.508182 0.552058 0.092727 0.179177
1 0.505455 0.476998 0.069091 0.106538
1 0.588182 0.392252 0.103636 0.184019
1 0.657273 0.355932 0.132727 0.169492
1 0.685455 0.671913 0.123636 0.200969
1 0.974545 0.490315 0.043636 0.075061
1 0.149091 0.526634 0.047273 0.075061
0 0.257273 0.336562 0.092727 0.121065
0 0.787273 0.616223 0.123636 0.133172
