1 0.567500 0.421289 0.055000 0.098951
1 0.171000 0.105697 0.056000 0.103448
1 0.183000 0.067466 0.050000 0.071964
1 0.338000 0.075712 0.058000 0.094453
1 0.219500 0.398051 0.059000 0.112444
1 0.113500 0.400300 0.049000 0.098951
1 0.202500 0.546477 0.065000 0.139430
1 0.365500 0.595952 0.089000 0.181409
1 0.332000 0.683658 0.084000 0.143928
1 0.441000 0.668666 0.090000 0.152924
1 0.459500 0.698651 0.083000 0.131934
1 0.524500 0.636432 0.091000 0.172414
1 0.516500 0.721139 0.075000 0.137931
1 0.466000 0.766867 0.078000 0.121439
1 0.549500 0.772864 0.069000 0.148426
1 0.392500 0.459520 0.067000 0.118441
1 0.437000 0.439280 0.046000 0.086957
1 0.442500 0.477511 0.065000 0.106447
1 0.443500 0.338831 0.057000 0.113943
1 0.550500 0.391304 0.053000 0.113943
1 0.576000 0.448276 0.056000 0.104948
1 0.649500 0.607946 0.073000 0.160420
1 0.642000 0.464768 0.062000 0.104948
1 0.640500 0.386807 0.065000 0.128936
1 0.696500 0.448276 0.055000 0.092954
1 0.676500 0.232384 0.069000 0.092954
1 0.752000 0.341829 0.062000 0.116942
1 0.790500 0.455772 0.069000 0.122939
1 0.806500 0.347826 0.055000 0.116942
1 0.843000 0.315592 0.052000 0.088456
1 0.860500 0.236132 0.051000 0.091454
1 0.913000 0.149175 0.060000 0.106447
0 0.268500 0.438531 0.081000 0.136432
0 0.684000 0.618441 0.058000 0.109445
