1 0.563426 0.498466 0.043519 0.107362
1 0.103241 0.665644 0.045370 0.104294
1 0.602315 0.634969 0.047222 0.082822
1 0.619444 0.635736 0.038889 0.093558
1 0.664352 0.520706 0.041667 0.090491
1 0.280093 0.784509 0.052778 0.111963
1 0.213889 0.769939 0.053704 0.113497
1 0.678704 0.588957 0.042593 0.107362
1 0.015278 0.546779 0.028704 0.093558
1 0.132407 0.643405 0.040741 0.087423
1 0.713889 0.532975 0.051852 0.121166
1 0.924537 0.380368 0.062037 0.138037
1 0.779167 0.932515 0.030556 0.052147
1 0.441204 0.911810 0.036111 0.084356
1 0.427315 0.384202 0.049074 0.108896
1 0.266667 0.678681 0.042593 0.090491
1 0.512500 0.468558 0.052778 0.133436
1 0.484722 0.509969 0.043519 0.139571
1 0.378704 0.621166 0.040741 0.101227
0 0.794907 0.483129 0.043519 0.070552
1 0.814352 0.706288 0.039815 0.087423
0 0.429630 0.662577 0.027778 0.061350
0 0.241204 0.801380 0.041667 0.084356
0 0.832407 0.603528 0.042593 0.078221
