1 0.266250 0.525000 0.016250 0.047778
1 0.444375 0.679444 0.038750 0.101111
1 0.475313 0.587222 0.033125 0.067778
1 0.593125 0.448333 0.052500 0.127778
1 0.290938 0.536111 0.023125 0.063333
1 0.303438 0.425000 0.031875 0.081111
1 0.303438 0.503889 0.028125 0.070000
1 0.565625 0.462778 0.037500 0.090000
1 0.436563 0.407222 0.036875 0.103333
1 0.770938 0.491111 0.050625 0.140000
1 0.787813 0.722778 0.043125 0.121111
1 0.827187 0.750000 0.048125 0.144444
1 0.805937 0.807778 0.063125 0.173333
1 0.968750 0.845000 0.062500 0.216667
1 0.503437 0.620000 0.036875 0.088889
1 0.401875 0.594444 0.025000 0.088889
1 0.416875 0.592778 0.032500 0.085556
1 0.214375 0.722222 0.021250 0.053333
1 0.514062 0.727222 0.043125 0.145556
1 0.466562 0.795556 0.030625 0.086667
1 0.373750 0.767222 0.031250 0.094444
1 0.526875 0.547222 0.035000 0.085556
1 0.247188 0.718889 0.020625 0.071111
1 0.230000 0.674444 0.022500 0.060000
0 0.915312 0.301111 0.075625 0.166667
0 0.860938 0.926667 0.063125 0.095556
