1 0.617000 0.782667 0.058000 0.125333
1 0.674500 0.740000 0.055000 0.090667
1 0.705500 0.720000 0.041000 0.064000
1 0.656000 0.682667 0.046000 0.058667
1 0.683000 0.790667 0.046000 0.074667
1 0.875500 0.738000 0.047000 0.057333
1 0.877000 0.761333 0.046000 0.058667
1 0.895000 0.750000 0.036000 0.054667
1 0.955000 0.698667 0.030000 0.034667
1 0.410500 0.574667 0.079000 0.080000
1 0.435500 0.575333 0.069000 0.086667
1 0.961000 0.679333 0.032000 0.036000
1 0.166500 0.559333 0.087000 0.100000
1 0.085000 0.694667 0.066000 0.082667
1 0.108000 0.817333 0.078000 0.130667
1 0.173000 0.828000 0.074000 0.120000
1 0.222500 0.752667 0.049000 0.092000
1 0.234500 0.695333 0.049000 0.070667
1 0.268000 0.726667 0.052000 0.080000
1 0.291500 0.758000 0.055000 0.089333
1 0.393500 0.799333 0.061000 0.086667
1 0.318000 0.635333 0.050000 0.068000
1 0.399000 0.710667 0.066000 0.096000
1 0.438500 0.765333 0.049000 0.088000
1 0.484000 0.751333 0.060000 0.100000
1 0.544000 0.746667 0.050000 0.093333
1 0.593000 0.780667 0.058000 0.094667
0 0.188500 0.585333 0.063000 0.085333
0 0.358500 0.824000 0.051000 0.074667
0 0.047000 0.818000 0.070000 0.100000
