1 0.811050 0.336289 0.110505 0.118690
1 0.109141 0.331514 0.141883 0.103683
1 0.150750 0.403138 0.186903 0.189632
1 0.145975 0.475443 0.193724 0.159618
1 0.145975 0.615962 0.152797 0.145975
1 0.185539 0.732606 0.193724 0.267394
1 0.392906 0.750341 0.120055 0.177353
1 0.571623 0.757162 0.095498 0.158254
1 0.756480 0.710095 0.156889 0.230559
1 0.624829 0.592769 0.147340 0.244202
1 0.630969 0.465894 0.154161 0.129604
1 0.515007 0.364939 0.069577 0.088677
1 0.667121 0.343111 0.120055 0.115962
1 0.888131 0.489086 0.139154 0.137790
1 0.911323 0.770123 0.177353 0.304229
0 0.196453 0.532742 0.150068 0.129604
0 0.356071 0.698499 0.106412 0.150068
0 0.871760 0.588677 0.114598 0.154161
0 0.437244 0.499318 0.080491 0.092769
0 0.482265 0.783765 0.107776 0.140518
0 0.821282 0.832196 0.111869 0.136426
