1 0.772500 0.568333 0.086667 0.150000
1 0.472917 0.721667 0.082500 0.194444
1 0.052500 0.668889 0.103333 0.248889
1 0.179583 0.583889 0.097500 0.194444
1 0.167083 0.786111 0.110833 0.150000
1 0.323750 0.699444 0.097500 0.187778
1 0.400833 0.732778 0.081667 0.147778
1 0.894167 0.418889 0.063333 0.104444
1 0.490417 0.628333 0.074167 0.154444
1 0.526250 0.622778 0.084167 0.161111
1 0.565000 0.576111 0.066667 0.116667
1 0.660000 0.578333 0.086667 0.116667
1 0.728750 0.609444 0.075833 0.156667
1 0.772083 0.435556 0.060833 0.102222
1 0.943333 0.419444 0.058333 0.107778
1 0.823750 0.571111 0.059167 0.106667
0 0.162500 0.693333 0.091667 0.153333
0 0.108333 0.633333 0.073333 0.126667
0 0.768333 0.550556 0.030000 0.076667
