0 0.780355 0.222374 0.780355 0.274216 0.839018 0.274216 0.839018 0.222374
0 0.069577 0.231924 0.069577 0.276944 0.137790 0.276944 0.145975 0.268759 0.145975 0.231924
0 0.098226 0.222374 0.098226 0.281037 0.152797 0.268759 0.169168 0.283765 0.166439 0.306958 0.200546 0.306958 0.200546 0.255116 0.173261 0.252387 0.200546 0.240109 0.169168 0.238745 0.160982 0.222374
0 0.130969 0.335607 0.128240 0.349250 0.154161 0.372442 0.173261 0.379263 0.175989 0.390177 0.197817 0.392906 0.197817 0.323329 0.156889 0.323329 0.143247 0.346521
0 0.110505 0.478854 0.117326 0.480218 0.117326 0.489768 0.126876 0.487040 0.132333 0.493861 0.143247 0.481583 0.152797 0.481583 0.156889 0.476126 0.110505 0.476126
0 0.170532 0.491132 0.174625 0.499318 0.181446 0.503411 0.197817 0.500682 0.211460 0.477490 0.174625 0.477490 0.175989 0.482947
0 0.358799 0.581173 0.358799 0.648022 0.420191 0.660300 0.424284 0.581173 0.405184 0.611187 0.395634 0.608458 0.391542 0.581173
0 0.544338 0.605730 0.544338 0.616644 0.547067 0.618008 0.544338 0.623465 0.552524 0.622101 0.552524 0.612551 0.555252 0.609823 0.560709 0.609823 0.559345 0.605730 0.552524 0.611187
0 0.763984 0.489768 0.758527 0.511596 0.772169 0.519782 0.777626 0.587995 0.798090 0.592087 0.798090 0.489768
0 0.583902 0.360164 0.583902 0.383356 0.587995 0.384720 0.583902 0.402456 0.611187 0.398363 0.598909 0.369714 0.608458 0.360164 0.594816 0.360164 0.592087 0.366985
0 0.587995 0.342428 0.587995 0.399727 0.611187 0.399727 0.598909 0.366985 0.608458 0.361528 0.612551 0.346521 0.604366 0.350614 0.604366 0.342428
0 0.495225 0.279673 0.495225 0.319236 0.532060 0.319236 0.532060 0.279673
0 0.633015 0.231924 0.642565 0.283765 0.633015 0.283765 0.698499 0.283765 0.698499 0.231924
0 0.860846 0.357435 0.851296 0.380628 0.884038 0.398363 0.892224 0.381992 0.871760 0.388813 0.867667 0.383356 0.873124 0.371078 0.888131 0.369714 0.896317 0.361528
0 0.866303 0.480218 0.862210 0.616644 0.957708 0.611187 0.957708 0.564802 0.914052 0.578445 0.909959 0.538881 0.957708 0.545703 0.909959 0.517053 0.935880 0.480218 0.884038 0.515689
0 0.204638 0.409277 0.222374 0.420191 0.223738 0.431105 0.212824 0.431105 0.203274 0.446112 0.207367 0.463847 0.181446 0.459754 0.181446 0.466576 0.236016 0.466576 0.236016 0.409277
0 0.326057 0.555252 0.326057 0.620737 0.383356 0.620737 0.383356 0.585266 0.360164 0.577080 0.366985 0.555252
0 0.839018 0.444748 0.839018 0.510232 0.871760 0.510232 0.874488 0.474761 0.869031 0.470668 0.863574 0.485675 0.841746 0.482947 0.839018 0.465211 0.878581 0.447476 0.851296 0.442019 0.848568 0.454297
0 0.414734 0.410641 0.414734 0.451569 0.457026 0.451569 0.457026 0.410641
0 0.451569 0.649386 0.459754 0.675307 0.497954 0.680764 0.472033 0.703956 0.451569 0.683492 0.455662 0.710778 0.510232 0.710778 0.510232 0.649386
0 0.789905 0.701228 0.789905 0.732606 0.800819 0.735334 0.803547 0.733970 0.804911 0.724420 0.802183 0.701228
