0 0.543125 0.404167 0.566250 0.475000 0.554375 0.489167 0.570625 0.489167 0.578750 0.527500 0.598125 0.527500 0.598125 0.433333 0.582500 0.452500 0.582500 0.475833 0.577500 0.440000
0 0.550625 0.380833 0.550625 0.428333 0.560000 0.454167 0.576875 0.454167 0.577500 0.440000 0.567500 0.440000
0 0.640625 0.372500 0.640625 0.460000 0.696875 0.460000 0.696875 0.372500
0 0.765000 0.315833 0.765000 0.414167 0.853750 0.414167 0.853750 0.315833 0.787500 0.315833 0.790000 0.334167 0.780625 0.315833
0 0.878125 0.383333 0.878125 0.500833 0.950000 0.500833 0.950000 0.425000 0.908125 0.425833 0.950000 0.417500 0.950000 0.383333
0 0.784375 0.515000 0.780000 0.571667 0.795000 0.589167 0.807500 0.578333 0.828750 0.577500 0.819375 0.565000 0.816250 0.528333 0.788750 0.531667
0 0.099375 0.089167 0.099375 0.140833 0.123125 0.138333 0.122500 0.152500 0.099375 0.172500 0.126250 0.160833 0.130625 0.167500 0.120625 0.172500 0.151250 0.172500 0.151250 0.089167
0 0.125000 0.355000 0.125000 0.461667 0.220625 0.461667 0.220625 0.333333 0.193750 0.333333 0.201875 0.355000 0.182500 0.374167 0.174375 0.359167 0.136875 0.364167 0.161875 0.333333
0 0.195000 0.330833 0.195000 0.435833 0.273750 0.435833 0.273750 0.373333 0.249375 0.372500 0.268750 0.330833 0.241875 0.357500 0.248750 0.330833
0 0.156250 0.543333 0.166250 0.538333 0.165000 0.517500 0.172500 0.535000 0.183125 0.530000 0.186250 0.510833 0.183750 0.522500 0.196250 0.516667 0.189375 0.530000 0.233750 0.510000 0.156250 0.510000
0 0.314375 0.561667 0.314375 0.615833 0.369375 0.615833 0.369375 0.605833 0.353750 0.599167 0.349375 0.582500 0.357500 0.572500 0.344375 0.568333 0.340000 0.544167 0.333750 0.544167 0.321875 0.574167
0 0.569375 0.195833 0.569375 0.273333 0.614375 0.273333 0.614375 0.195833
0 0.707500 0.525833 0.717500 0.528333 0.720625 0.566667 0.717500 0.585833 0.705625 0.569167 0.706250 0.588333 0.723750 0.588333 0.723125 0.564167 0.733750 0.556667 0.733750 0.525833
