0 0.224609 0.749263 0.221680 0.749263 0.216797 0.758112 0.210938 0.759587 0.210938 0.769912 0.204102 0.771386 0.204102 0.781711 0.221680 0.781711 0.221680 0.774336 0.224609 0.772861 0.224609 0.761062 0.222656 0.759587
0 0.976910 0.533923 0.988910 0.533923 0.988910 0.481239 0.976910 0.481239
0 0.962246 0.439528 0.978184 0.439528 0.978184 0.408702 0.962246 0.408702
0 0.943359 0.293510 0.943359 0.346608 0.953125 0.346608 0.951172 0.324484 0.969727 0.328909 0.975586 0.340708 0.972656 0.293510 0.962891 0.293510 0.952148 0.318584 0.949219 0.308260 0.956055 0.293510
0 0.940430 0.735988 0.938477 0.766962 0.922852 0.755162 0.922852 0.786136 0.938477 0.805310 0.956055 0.805310 0.950195 0.803835 0.950195 0.783186 0.967773 0.787611 0.951172 0.777286 0.950195 0.735988
0 0.759766 0.706490 0.759766 0.734513 0.765625 0.737463 0.759766 0.775811 0.791992 0.775811 0.782227 0.740413 0.790039 0.730088 0.778320 0.719764 0.772461 0.750737 0.766602 0.734513 0.772461 0.700590
0 0.488281 0.526549 0.488281 0.564897 0.499023 0.575221 0.499023 0.594395 0.519531 0.594395 0.525391 0.585546 0.525391 0.532448 0.519531 0.526549
0 0.435547 0.438053 0.428711 0.455752 0.430664 0.494100 0.462891 0.494100 0.462891 0.438053 0.458984 0.449853 0.447266 0.438053
0 0.434570 0.488201 0.434570 0.526549 0.458008 0.525074 0.471680 0.542773 0.471680 0.488201
0 0.366211 0.408555 0.366211 0.417404 0.371094 0.418879 0.366211 0.424779 0.366211 0.442478 0.395508 0.442478 0.395508 0.408555
0 0.327148 0.240413 0.327148 0.292035 0.361328 0.292035 0.361328 0.240413
0 0.294922 0.246313 0.294922 0.266962 0.313477 0.266962 0.313477 0.246313
0 0.324883 0.415929 0.341133 0.415929 0.341133 0.380619 0.324883 0.380619
0 0.272461 0.371681 0.272461 0.421829 0.302734 0.421829 0.302734 0.380531 0.299805 0.376106 0.302734 0.371681
0 0.235352 0.420354 0.235352 0.429204 0.258789 0.445428 0.256836 0.469027 0.263672 0.469027 0.263672 0.420354
0 0.284180 0.446903 0.284180 0.449853 0.303711 0.451327 0.313477 0.463127 0.313477 0.446903 0.311523 0.454277 0.304688 0.451327 0.307617 0.446903
0 0.269824 0.606194 0.283886 0.606194 0.283886 0.574248 0.269824 0.574248
0 0.263614 0.554573 0.276426 0.554573 0.276426 0.521505 0.263614 0.521505
0 0.238281 0.688791 0.238281 0.715339 0.240234 0.715339 0.243164 0.707965 0.247070 0.707965 0.249023 0.712389 0.252930 0.709440 0.249023 0.697640 0.245117 0.693215 0.245117 0.688791
0 0.636719 0.688791 0.651367 0.688791 0.639648 0.674041 0.647461 0.660767 0.653320 0.662242 0.657227 0.688791 0.656250 0.657817 0.675781 0.653392 0.675781 0.638643 0.636719 0.638643
0 0.859375 0.734513 0.859375 0.792035 0.886719 0.792035 0.885742 0.747788 0.889648 0.752212 0.896484 0.734513 0.871094 0.734513 0.875977 0.744838 0.872070 0.755162 0.862305 0.753687 0.864258 0.734513
