0 0.615000 0.662667 0.612000 0.690667 0.606000 0.701333 0.601000 0.700000 0.601000 0.718667 0.631000 0.718667 0.631000 0.662667
0 0.659000 0.654667 0.670000 0.658667 0.675000 0.657333 0.678000 0.653333 0.684000 0.656000 0.686000 0.653333
0 0.709000 0.658667 0.711000 0.661333 0.711000 0.665333 0.715000 0.670667 0.714000 0.681333 0.715000 0.681333 0.715000 0.658667
0 0.643000 0.626667 0.643000 0.652000 0.667000 0.652000 0.667000 0.632000 0.657000 0.626667
0 0.670000 0.718667 0.670000 0.744000 0.676000 0.744000 0.678000 0.752000 0.686000 0.752000 0.688000 0.745333 0.684000 0.738667 0.688000 0.736000 0.683000 0.726667 0.687000 0.722667
0 0.862000 0.686667 0.866000 0.686667 0.868000 0.689333 0.874000 0.688000 0.883000 0.692000 0.887000 0.682667 0.862000 0.682667
0 0.864000 0.705333 0.864000 0.725333 0.870000 0.720000 0.888000 0.721333 0.888000 0.705333 0.884000 0.705333 0.881000 0.717333 0.872000 0.712000 0.869000 0.705333
0 0.903000 0.697333 0.900000 0.700000 0.890000 0.697333 0.888000 0.702667 0.885000 0.702667 0.885000 0.720000 0.889000 0.720000 0.891000 0.712000 0.903000 0.712000
0 0.949000 0.681334 0.961000 0.681334 0.961000 0.663334 0.949000 0.663334
0 0.388000 0.498667 0.388000 0.533333 0.431000 0.533333 0.431000 0.498667
0 0.416000 0.492000 0.416000 0.529333 0.453000 0.529333 0.453000 0.492000
0 0.952000 0.652000 0.952000 0.658667 0.954000 0.658667 0.955000 0.656000 0.957000 0.656000 0.958000 0.658667 0.968000 0.658667 0.968000 0.652000 0.957000 0.650667
0 0.142000 0.464000 0.142000 0.506667 0.189000 0.506667 0.189000 0.464000
0 0.066000 0.616000 0.066000 0.652000 0.102000 0.652000 0.102000 0.616000
0 0.116000 0.692000 0.108000 0.749333 0.128000 0.749333 0.128000 0.692000
0 0.152000 0.713333 0.152000 0.766667 0.184000 0.766667 0.192000 0.749333 0.192000 0.713333
0 0.226000 0.664000 0.209000 0.664000 0.209000 0.705333 0.212000 0.705333 0.212000 0.697333 0.217000 0.692000 0.215000 0.677333 0.218000 0.669333
0 0.221000 0.628000 0.221000 0.657333 0.224000 0.654667 0.246000 0.657333 0.246000 0.628000
0 0.253000 0.650667 0.253000 0.673333 0.259000 0.685333 0.281000 0.685333 0.281000 0.650667
0 0.276000 0.672000 0.276000 0.692000 0.283000 0.694667 0.292000 0.712000 0.305000 0.709333 0.305000 0.672000
0 0.383740 0.755999 0.403260 0.755999 0.403260 0.723066 0.383740 0.723066
0 0.304000 0.570667 0.304000 0.598667 0.330000 0.598667 0.330000 0.570667
0 0.380000 0.618667 0.380000 0.661333 0.416000 0.661333 0.416000 0.618667
0 0.430660 0.721333 0.446340 0.721333 0.446340 0.687893 0.430660 0.687893
0 0.467000 0.656000 0.467000 0.673333 0.488000 0.676000 0.493000 0.682667 0.499000 0.682667 0.499000 0.656000
0 0.530000 0.657333 0.530000 0.676000 0.538000 0.680000 0.537000 0.685333 0.530000 0.685333 0.530000 0.698667 0.545000 0.698667 0.556000 0.688000 0.554000 0.657333
0 0.607000 0.697333 0.606000 0.701333 0.592000 0.702667 0.592000 0.708000 0.600000 0.724000 0.599000 0.732000 0.607000 0.732000
0 0.171000 0.504000 0.171000 0.513333 0.193000 0.518667 0.204000 0.532000 0.204000 0.504000
0 0.351000 0.752000 0.353000 0.784000 0.371000 0.784000 0.371000 0.768000 0.367000 0.772000 0.370000 0.782667 0.355000 0.781333
0 0.056000 0.722667 0.048000 0.761333 0.034000 0.764000 0.027000 0.758667 0.027000 0.765333 0.055000 0.765333
