0 0.542188 0.648438 0.575000 0.648438 0.581250 0.584375 0.621875 0.565625 0.625000 0.593750 0.640625 0.557813 0.542188 0.557813 0.542188 0.600000 0.554688 0.601562 0.542188 0.607812
0 0.548438 0.578125 0.481250 0.578125 0.481250 0.590625 0.504687 0.579688 0.495312 0.600000 0.509375 0.618750 0.504687 0.635938 0.481250 0.634375 0.481250 0.646875 0.507812 0.646875 0.526563 0.600000 0.548438 0.596875
0 0.759375 0.565625 0.759375 0.642188 0.760938 0.603125 0.792188 0.593750 0.775000 0.645312 0.820312 0.639062 0.807813 0.681250 0.759375 0.684375 0.834375 0.684375 0.834375 0.651563 0.876563 0.684375 0.876563 0.565625
0 0.365625 0.342187 0.365625 0.414062 0.432812 0.414062 0.432812 0.342187
0 0.128125 0.593750 0.125000 0.604688 0.134375 0.600000 0.137500 0.610938 0.125000 0.610938 0.125000 0.628125 0.153125 0.628125 0.153125 0.593750
0 0.020313 0.598437 0.020313 0.614062 0.046875 0.614062 0.046875 0.592187 0.031250 0.592187 0.031250 0.601562 0.026562 0.601562 0.023438 0.596875
0 0.587500 0.462500 0.587500 0.528125 0.632812 0.528125 0.639062 0.507812 0.659375 0.510938 0.662500 0.528125 0.673438 0.528125 0.673438 0.454688 0.606250 0.454688 0.600000 0.471875
0 0.514062 0.740625 0.504687 0.768750 0.504687 0.814063 0.506250 0.800000 0.514062 0.800000 0.506250 0.781250
0 0.382812 0.760938 0.368750 0.762500 0.367188 0.739062 0.359375 0.739062 0.348438 0.771875 0.329688 0.779687 0.370312 0.779687 0.359375 0.776563 0.357812 0.768750 0.382812 0.767188
0 0.370312 0.625000 0.370312 0.665625 0.395313 0.665625 0.395313 0.625000
