0 0.317188 0.587963 0.317188 0.668519 0.332292 0.668519 0.330208 0.637037 0.354687 0.668519 0.356771 0.578704 0.329167 0.582407 0.329167 0.598148 0.343229 0.592593 0.339583 0.633333
0 0.380208 0.548148 0.380208 0.606481 0.390625 0.617593 0.391146 0.631481 0.405729 0.631481 0.403646 0.620370 0.408333 0.615741 0.419271 0.620370 0.419271 0.548148
0 0.342708 0.463889 0.342708 0.546296 0.382812 0.546296 0.382812 0.463889
0 0.406250 0.259259 0.406250 0.316667 0.414583 0.306481 0.434896 0.314815 0.423438 0.339815 0.456771 0.339815 0.456771 0.259259
0 0.746354 0.520370 0.746354 0.563889 0.770833 0.563889 0.774479 0.553704 0.774479 0.520370
0 0.727604 0.546296 0.727604 0.588889 0.743750 0.585185 0.751563 0.588889 0.751563 0.546296
0 0.394792 0.787037 0.394792 0.802778 0.403646 0.818519 0.400521 0.837963 0.428125 0.837963 0.428125 0.782407 0.418229 0.800000 0.414062 0.776852 0.411458 0.800926
0 0.606771 0.122222 0.606771 0.178704 0.636458 0.178704 0.636458 0.122222
0 0.781771 0.472222 0.781771 0.520370 0.797917 0.520370 0.798438 0.513889 0.808854 0.520370 0.808854 0.472222
0 0.057813 0.431481 0.057813 0.521296 0.103125 0.521296 0.103125 0.485185 0.076042 0.511111 0.069792 0.450926 0.085417 0.437963 0.101562 0.447222 0.099479 0.435185
0 0.634375 0.548148 0.634375 0.561111 0.638021 0.550000 0.641146 0.551852 0.643229 0.574074 0.639062 0.585185 0.634375 0.580556 0.634375 0.592593 0.656771 0.592593 0.654687 0.586111 0.644792 0.586111 0.643229 0.548148
0 0.889062 0.524074 0.889062 0.569444 0.909896 0.567593 0.908333 0.537037 0.917188 0.524074
