0 0.748333 0.441111 0.754167 0.491111 0.795000 0.491111 0.785833 0.456667 0.780000 0.464444 0.771667 0.448889 0.778333 0.472222 0.766667 0.462222 0.758333 0.467778
0 0.450000 0.552222 0.454167 0.596667 0.450000 0.623333 0.458333 0.623333 0.463333 0.606667 0.460833 0.600000 0.468333 0.590000 0.463333 0.581111 0.457500 0.587778
0 0.023333 0.432222 0.023333 0.531111 0.035000 0.543333 0.056667 0.543333 0.064167 0.532222 0.065833 0.543333 0.080000 0.543333 0.080000 0.432222
0 0.186667 0.398889 0.176667 0.410000 0.180000 0.422222 0.174167 0.433333 0.180833 0.443333 0.180000 0.468889 0.190000 0.485556 0.205000 0.485556 0.205000 0.398889
0 0.149350 0.711111 0.184816 0.711111 0.184816 0.654111 0.149350 0.654111
0 0.296667 0.520000 0.296667 0.550000 0.338333 0.582222 0.334167 0.603333 0.345833 0.603333 0.340833 0.587778 0.349167 0.581111 0.349167 0.520000
0 0.387766 0.658889 0.413900 0.658889 0.413900 0.602733 0.387766 0.602733
0 0.876667 0.318889 0.876667 0.365556 0.910000 0.365556 0.910000 0.318889
0 0.475833 0.481111 0.487500 0.511111 0.481667 0.536667 0.485833 0.548889 0.509167 0.548889 0.509167 0.518889 0.496667 0.514444 0.484167 0.481111
0 0.514167 0.468889 0.529167 0.477778 0.533333 0.496667 0.519167 0.522222 0.502500 0.514444 0.502500 0.541111 0.525000 0.541111 0.520833 0.530000 0.531667 0.523333 0.548333 0.541111 0.548333 0.474444 0.533333 0.468889 0.530000 0.480000
0 0.545833 0.464444 0.553333 0.470000 0.545833 0.474444 0.545833 0.515556 0.555833 0.515556 0.556667 0.508889 0.564167 0.515556 0.560833 0.508889 0.567500 0.500000 0.565833 0.491111 0.580000 0.484444 0.582500 0.493333 0.582500 0.468889
0 0.635833 0.514444 0.642500 0.517778 0.640000 0.493333 0.682500 0.490000 0.682500 0.466667 0.635833 0.466667
0 0.707500 0.460000 0.707500 0.501111 0.725000 0.514444 0.721667 0.528889 0.707500 0.528889 0.728333 0.528889 0.727500 0.518889 0.748333 0.528889 0.739167 0.460000 0.732500 0.460000 0.734167 0.472222
0 0.755000 0.337778 0.755000 0.361111 0.778333 0.377778 0.755000 0.383333 0.785833 0.383333 0.787500 0.337778 0.773333 0.337778 0.775833 0.351111 0.767500 0.347778 0.767500 0.337778
0 0.926667 0.316667 0.926667 0.324444 0.932500 0.324444 0.937500 0.332222 0.936667 0.335556 0.929167 0.333333 0.930000 0.336667 0.935000 0.337778 0.938333 0.333333 0.945000 0.336667 0.945000 0.331111 0.935000 0.323333 0.939167 0.316667
0 0.816667 0.468889 0.827500 0.487778 0.810833 0.484444 0.820833 0.502222 0.818333 0.515556 0.837500 0.515556 0.839167 0.468889 0.834167 0.483333 0.826667 0.468889
0 0.165000 0.586667 0.169167 0.612222 0.172500 0.607778 0.172500 0.597778 0.167500 0.587778
0 0.087500 0.512222 0.087500 0.540000 0.092500 0.536667 0.096667 0.542222 0.105000 0.544444 0.109167 0.540000 0.106667 0.530000 0.113333 0.520000 0.110833 0.512222
0 0.760000 0.476667 0.760000 0.501111 0.765833 0.501111 0.766667 0.511111 0.775000 0.511111 0.775000 0.476667
