0 0.617394 0.371157 0.635686 0.371157 0.635686 0.323177 0.617394 0.323177
0 0.046000 0.260931 0.046000 0.313117 0.056000 0.308886 0.061000 0.318759 0.096000 0.318759 0.096000 0.260931
0 0.077000 0.303244 0.077000 0.328632 0.086000 0.325811 0.103000 0.335684 0.115000 0.354020 0.115000 0.303244
0 0.046000 0.500705 0.035000 0.500705 0.013000 0.543018 0.013000 0.552891 0.046000 0.552891
0 0.035000 0.561354 0.042000 0.550071 0.045000 0.551481 0.049000 0.545839 0.065000 0.545839 0.065000 0.534556 0.035000 0.534556
0 0.052000 0.493653 0.052000 0.531735 0.087000 0.531735 0.087000 0.493653
0 0.071000 0.524683 0.071000 0.547250 0.095000 0.552891 0.096000 0.578279 0.091000 0.579690 0.117000 0.579690 0.117000 0.524683
0 0.094000 0.593794 0.092000 0.606488 0.102000 0.619182 0.102000 0.624824 0.102000 0.593794
0 0.137000 0.521862 0.137000 0.561354 0.159000 0.561354 0.160000 0.557123 0.152000 0.545839 0.147000 0.521862
0 0.181500 0.568844 0.199760 0.568844 0.199760 0.531390 0.181500 0.531390
0 0.191000 0.407616 0.191000 0.459803 0.221000 0.459803 0.221000 0.407616
0 0.235000 0.502116 0.236000 0.537377 0.231000 0.551481 0.241000 0.551481 0.241000 0.502116
0 0.185000 0.566996 0.183000 0.571227 0.185000 0.572638 0.189000 0.582511 0.194000 0.585331 0.195000 0.576869 0.192000 0.572638 0.188000 0.571227 0.187000 0.566996
0 0.147000 0.747532 0.147000 0.770099 0.149000 0.771509 0.147000 0.795487 0.154000 0.795487 0.154000 0.770099 0.148000 0.760226
0 0.154000 0.772920 0.139000 0.772920 0.139000 0.837800 0.144000 0.813822 0.161000 0.819464 0.167000 0.801128 0.155000 0.795487
0 0.347000 0.370945 0.347000 0.437236 0.399000 0.437236 0.399000 0.370945
0 0.383000 0.431594 0.383000 0.458392 0.392000 0.465444 0.399000 0.459803 0.407000 0.469676 0.424000 0.465444 0.421000 0.495063 0.428000 0.495063 0.428000 0.431594
0 0.329000 0.543018 0.329000 0.572638 0.341000 0.572638 0.331000 0.551481
0 0.437000 0.511989 0.435000 0.521862 0.463000 0.523272 0.473000 0.540197 0.480000 0.541608 0.480000 0.511989
0 0.417798 0.599210 0.440112 0.599210 0.440112 0.540967 0.417798 0.540967
0 0.540000 0.502116 0.531000 0.511989 0.531000 0.585331 0.576000 0.585331 0.576000 0.517630 0.548000 0.533145 0.554000 0.510578 0.571000 0.502116
0 0.541000 0.290550 0.541000 0.344147 0.572000 0.344147 0.571000 0.325811 0.585000 0.307475 0.585000 0.290550
0 0.602000 0.231312 0.601000 0.246827 0.587000 0.256700 0.587000 0.284908 0.621000 0.284908 0.626000 0.279267 0.626000 0.244006 0.619000 0.252468 0.609000 0.242595 0.612000 0.231312
0 0.639000 0.297602 0.643000 0.301834 0.650000 0.299013 0.653000 0.304654 0.658000 0.303244 0.661000 0.314528 0.668000 0.313117 0.671000 0.318759 0.671000 0.297602 0.643000 0.300423
0 0.705905 0.285797 0.729525 0.285797 0.729525 0.241692 0.705905 0.241692
0 0.750000 0.275035 0.747000 0.280677 0.742000 0.283498 0.739000 0.294781 0.749000 0.307475 0.750000 0.313117
0 0.761000 0.342736 0.765000 0.386460 0.759000 0.400564 0.792000 0.400564 0.792000 0.342736
0 0.800000 0.356841 0.800000 0.393512 0.832000 0.393512 0.832000 0.356841
0 0.821000 0.401975 0.821000 0.407616 0.838000 0.404795 0.838000 0.413258 0.844000 0.416079 0.841000 0.451340 0.862000 0.451340 0.862000 0.401975
0 0.821348 0.509070 0.838032 0.509070 0.838032 0.471027 0.821348 0.471027
0 0.712000 0.579690 0.712000 0.585331 0.726000 0.588152 0.728000 0.613540 0.743000 0.613540 0.736000 0.585331 0.742000 0.579690
0 0.748000 0.568406 0.748000 0.578279 0.772000 0.576869 0.772000 0.568406
0 0.684000 0.613540 0.690000 0.658674 0.677000 0.654443 0.677000 0.685472 0.678000 0.677010 0.716000 0.685472 0.712000 0.647391 0.722000 0.640339 0.731000 0.650212 0.731000 0.613540 0.701000 0.645980
0 0.621000 0.717913 0.621000 0.757405 0.653000 0.757405 0.655000 0.741890 0.662000 0.737659 0.662000 0.717913
0 0.686000 0.709450 0.652000 0.709450 0.652000 0.763047 0.655000 0.741890 0.668000 0.730606 0.673000 0.746121 0.674000 0.722144
0 0.730756 0.762313 0.756184 0.762313 0.756184 0.722753 0.730756 0.722753
0 0.888000 0.565585 0.888000 0.631876 0.903000 0.631876 0.904000 0.613540 0.927000 0.617772 0.927000 0.565585
0 0.882000 0.376587 0.882000 0.416079 0.908000 0.416079 0.901000 0.403385 0.895000 0.376587
0 0.931143 0.420254 0.949987 0.420254 0.949987 0.377183 0.931143 0.377183
0 0.986000 0.393512 0.984000 0.394922 0.979000 0.411848 0.986000 0.411848
0 0.945830 0.323977 0.964090 0.323977 0.964090 0.279508 0.945830 0.279508
0 0.917000 0.157969 0.917000 0.200282 0.946000 0.196051 0.958000 0.200282 0.959000 0.194640 0.949000 0.181946 0.923000 0.180536
0 0.901000 0.239774 0.906000 0.227080 0.928000 0.205924 0.939000 0.211566 0.939000 0.198872 0.901000 0.198872
