0 0.344792 0.532826 0.344792 0.545195 0.366667 0.549001 0.360417 0.553758 0.363542 0.564225 0.394792 0.564225 0.394792 0.532826 0.368750 0.536632
0 0.367708 0.587060 0.378125 0.578497 0.382292 0.576594 0.367708 0.576594
0 0.304167 0.678402 0.265625 0.694577 0.222917 0.725024
0 0.404167 0.734539 0.414583 0.731684 0.421875 0.741199 0.444792 0.726927 0.454167 0.735490 0.464583 0.735490 0.465625 0.729781 0.472917 0.729781 0.472917 0.715509 0.408333 0.713606
0 0.368750 0.748811 0.367708 0.764034 0.381250 0.776403 0.369792 0.777355 0.367708 0.770695 0.350000 0.778306 0.367708 0.776403 0.379167 0.788773 0.402083 0.792578 0.402083 0.762131 0.385417 0.748811
0 0.431250 0.705043 0.460417 0.705043 0.476042 0.670790 0.456250 0.657469 0.508333 0.665081 0.508333 0.648906 0.431250 0.648906
0 0.577083 0.699334 0.580208 0.772598 0.590625 0.704091 0.612500 0.772598 0.615625 0.699334
0 0.681250 0.594672 0.691667 0.609895 0.685417 0.623216 0.681250 0.618459 0.683333 0.647954 0.700000 0.639391 0.722917 0.647954 0.729167 0.639391 0.748958 0.638440 0.748958 0.594672
0 0.240625 0.514748 0.240625 0.538535 0.267708 0.538535 0.267708 0.514748
0 0.010417 0.508088 0.010417 0.527117 0.036458 0.527117 0.036458 0.520457 0.032292 0.517602 0.032292 0.514748 0.036458 0.513796 0.036458 0.508088
