0 0.261250 0.478889 0.261250 0.498889 0.270000 0.498889 0.270000 0.478889
0 0.442500 0.583333 0.433125 0.606667 0.433125 0.626667 0.454375 0.626667 0.454375 0.583333
0 0.468750 0.522222 0.465625 0.533333 0.465625 0.551111 0.483750 0.551111 0.483750 0.522222
0 0.578125 0.326667 0.578125 0.382222 0.586250 0.382222 0.590000 0.346667 0.601875 0.366667 0.596250 0.376667 0.606875 0.382222 0.606875 0.326667
0 0.296250 0.475556 0.284375 0.475556 0.284375 0.503333 0.286875 0.503333 0.285625 0.502222 0.286250 0.491111
0 0.294375 0.347778 0.294375 0.383333 0.311250 0.383333 0.311250 0.347778
0 0.310000 0.463333 0.306250 0.462222 0.303125 0.465556 0.299375 0.466667 0.299375 0.467778 0.310000 0.467778
0 0.555000 0.376667 0.555000 0.390000 0.558125 0.384444 0.565000 0.387778 0.563750 0.416667 0.575000 0.416667 0.575000 0.376667
0 0.426250 0.308889 0.426250 0.353333 0.445625 0.353333 0.445625 0.308889
0 0.756875 0.357778 0.756875 0.418889 0.783750 0.418889 0.783750 0.357778
0 0.798750 0.606667 0.791875 0.616667 0.786250 0.661111 0.798750 0.661111 0.793125 0.660000 0.794375 0.647778 0.798750 0.647778
0 0.813750 0.612222 0.813750 0.676667 0.829375 0.676667 0.830000 0.670000 0.836250 0.674444 0.839375 0.670000 0.839375 0.612222
0 0.788125 0.642222 0.788125 0.690000 0.802500 0.688889 0.808750 0.705556 0.822500 0.698889 0.822500 0.642222
0 0.960625 0.638889 0.951250 0.657778 0.951250 0.734444 0.985000 0.734444 0.985000 0.717778 0.974375 0.716667 0.982500 0.641111
0 0.493125 0.534444 0.493125 0.573333 0.510625 0.573333 0.512500 0.534444
0 0.394375 0.508889 0.397500 0.518889 0.396250 0.531111 0.400000 0.525556 0.402500 0.527778 0.398750 0.542222 0.394375 0.540000 0.394375 0.547778 0.408125 0.547778 0.408125 0.508889
0 0.407500 0.511111 0.407500 0.548889 0.420625 0.548889 0.414375 0.541111 0.416875 0.532222 0.421875 0.526667 0.415000 0.515556 0.415000 0.511111
0 0.208125 0.671111 0.208125 0.678889 0.219375 0.681111 0.219375 0.671111
0 0.501875 0.588889 0.501875 0.613333 0.504375 0.615556 0.504375 0.588889
0 0.458125 0.712222 0.458125 0.744444 0.460625 0.751111 0.463750 0.737778 0.467500 0.741111 0.469375 0.751111 0.473750 0.751111 0.473750 0.738889 0.471250 0.736667 0.473750 0.712222
0 0.376875 0.676667 0.373750 0.676667 0.373125 0.682222 0.373750 0.713333 0.367500 0.718889 0.378125 0.718889 0.375000 0.710000 0.377500 0.705556 0.381250 0.706667
0 0.516875 0.465556 0.516875 0.502222 0.535625 0.502222 0.533125 0.472222 0.535625 0.465556 0.525000 0.465556 0.524375 0.470000
0 0.241250 0.651111 0.241250 0.655556 0.243125 0.656667 0.241250 0.665556 0.243125 0.674444 0.241250 0.682222 0.249375 0.682222 0.249375 0.674444 0.251875 0.670000 0.251875 0.651111
0 0.223750 0.616667 0.223750 0.642222 0.235000 0.642222 0.235000 0.616667
0 0.894375 0.142222 0.894375 0.215556 0.935000 0.215556 0.935000 0.142222
0 0.843125 0.835556 0.843125 0.877778 0.877500 0.877778 0.877500 0.835556
