0 0.677469 0.540806 0.677469 0.581095 0.703318 0.581095 0.703318 0.540806
0 0.732639 0.574380 0.732639 0.582128 0.741127 0.586777 0.736111 0.604855 0.746914 0.611570 0.747299 0.618285 0.741127 0.619835 0.760802 0.621384 0.760802 0.574380
0 0.794367 0.588843 0.794367 0.604855 0.802469 0.596074 0.809028 0.600723 0.805556 0.602789 0.806713 0.607438 0.804398 0.609504 0.810571 0.609504 0.810571 0.588843 0.806327 0.588843 0.805941 0.594008 0.802469 0.594008 0.802083 0.588843
0 0.770448 0.549587 0.770448 0.581612 0.792824 0.581612 0.792824 0.549587
0 0.780864 0.566116 0.780864 0.590909 0.800540 0.590909 0.800540 0.566116
0 0.082562 0.067149 0.082562 0.087293 0.109568 0.094525 0.136188 0.226756 0.128086 0.123450 0.159336 0.138946 0.159336 0.067149 0.143133 0.067149 0.145062 0.099174 0.130401 0.067149
0 0.205633 0.261364 0.205633 0.356405 0.277006 0.351756 0.277006 0.261364
0 0.251929 0.201963 0.251929 0.294421 0.310185 0.294421 0.310185 0.201963
0 0.511188 0.493802 0.512346 0.501550 0.522762 0.504132 0.518904 0.568698 0.523534 0.568698 0.526235 0.493802
0 0.553241 0.563533 0.553241 0.607955 0.561728 0.629649 0.587191 0.632231 0.596836 0.563533
0 0.645833 0.567149 0.643133 0.583161 0.636188 0.595041 0.628858 0.599174 0.645833 0.599174
0 0.596836 0.426136 0.596836 0.480372 0.642747 0.480372 0.642747 0.456612 0.636960 0.461260 0.633488 0.450930 0.640432 0.442665 0.642747 0.454029 0.642747 0.426136
