0 0.481675 0.380000 0.481675 0.493000 0.515707 0.493000 0.517277 0.472000 0.529843 0.493000 0.529843 0.432000 0.496335 0.475000 0.482723 0.470000 0.489529 0.429000 0.515707 0.380000
0 0.283770 0.450000 0.286911 0.467000 0.283770 0.496000 0.290052 0.496000 0.289005 0.507000 0.312565 0.507000 0.312565 0.447000 0.296335 0.447000 0.290576 0.462000
0 0.311518 0.492000 0.311518 0.549000 0.338220 0.549000 0.338220 0.501000 0.335079 0.492000
0 0.362304 0.502000 0.357592 0.505000 0.357592 0.592000 0.369110 0.592000 0.372775 0.587000 0.368063 0.563000 0.371204 0.549000
0 0.426178 0.595000 0.423560 0.603000 0.423560 0.637000 0.428272 0.637000 0.428272 0.626000 0.434031 0.632000 0.432984 0.621000 0.429319 0.614000 0.436649 0.611000 0.427225 0.602000
0 0.550785 0.650000 0.539791 0.650000 0.536649 0.744000 0.541361 0.744000 0.545550 0.683000 0.559162 0.694000 0.548168 0.670000
0 0.565969 0.690000 0.552880 0.679000 0.542932 0.679000 0.540838 0.688000 0.538743 0.679000 0.536649 0.762000 0.542408 0.759000 0.545550 0.683000 0.560733 0.696000
0 0.600524 0.753000 0.600524 0.773000 0.603141 0.778000 0.607330 0.821000 0.612565 0.821000 0.603141 0.772000 0.603141 0.756000
0 0.829319 0.376000 0.789529 0.389000 0.789529 0.535000 0.798429 0.484000 0.817277 0.480000 0.817277 0.434000 0.831414 0.422000
0 0.856545 0.049000 0.856545 0.208000 0.957592 0.191000 0.957592 0.049000
0 0.579058 0.411000 0.579058 0.517000 0.623560 0.517000 0.623560 0.411000
