0 0.111328 0.692708 0.086914 0.692708 0.091309 0.710938 0.091797 0.756944 0.095703 0.756944 0.093262 0.699653 0.095703 0.693576 0.110352 0.698785
0 0.371582 0.622396 0.372559 0.654514 0.391602 0.654514 0.391602 0.622396
0 0.374023 0.664931 0.361328 0.664931 0.361328 0.704861 0.364258 0.704861 0.365234 0.695312 0.367676 0.693576 0.366699 0.677951 0.368652 0.671007
0 0.394043 0.646701 0.394043 0.671007 0.399414 0.682292 0.415527 0.682292 0.415527 0.646701
0 0.412598 0.670139 0.412598 0.691840 0.418457 0.695312 0.424805 0.709201 0.434570 0.709201 0.434570 0.670139
0 0.308105 0.472222 0.308105 0.513889 0.346680 0.513889 0.346680 0.472222
0 0.433594 0.572917 0.433594 0.601562 0.453613 0.601562 0.453613 0.572917
0 0.491211 0.618056 0.491211 0.657986 0.498535 0.649306 0.503418 0.657986 0.518066 0.657986 0.518066 0.618924
0 0.494600 0.755208 0.508818 0.755208 0.508818 0.722552 0.494600 0.722552
0 0.539062 0.677083 0.540039 0.677083 0.541992 0.681424 0.544434 0.684028 0.544434 0.678819 0.543945 0.678819 0.543457 0.677083
0 0.556152 0.645833 0.556152 0.673611 0.571777 0.676215 0.580566 0.685764 0.580566 0.645833
0 0.604492 0.660590 0.604492 0.677951 0.609863 0.679688 0.604492 0.684896 0.604492 0.701389 0.613281 0.701389 0.617676 0.690972 0.626465 0.687500 0.626465 0.667535 0.621582 0.666667 0.621582 0.660590
0 0.662109 0.697917 0.660645 0.702257 0.656250 0.700521 0.648926 0.703125 0.655762 0.725694 0.662109 0.725694
0 0.666504 0.664062 0.664551 0.693576 0.660645 0.702257 0.657715 0.700521 0.657715 0.717882 0.680664 0.717882 0.680664 0.664062
0 0.686523 0.628472 0.686523 0.653646 0.691406 0.651042 0.706055 0.653646 0.706055 0.630208 0.703613 0.632812 0.702637 0.628472
0 0.699219 0.653646 0.707031 0.657986 0.710938 0.655382 0.719238 0.657118 0.723633 0.649306 0.699219 0.649306
0 0.736328 0.657118 0.738281 0.659722 0.740234 0.667535 0.740234 0.657118
0 0.707031 0.732639 0.707031 0.743924 0.708984 0.743056 0.708984 0.737847 0.710449 0.736979 0.711426 0.748264 0.720215 0.752604 0.720215 0.732639
0 0.851074 0.684896 0.851074 0.688368 0.855469 0.687500 0.857422 0.690104 0.861816 0.688368 0.866699 0.690104 0.867676 0.692708 0.869141 0.689236 0.869141 0.684896
0 0.853516 0.701389 0.853516 0.725694 0.859375 0.720486 0.871582 0.722222 0.871582 0.701389 0.866211 0.717882
0 0.882812 0.697917 0.877441 0.700521 0.875000 0.694444 0.872070 0.702257 0.869141 0.703125 0.869141 0.715278 0.876465 0.715278 0.879883 0.707465 0.882812 0.705729
0 0.912598 0.633681 0.912598 0.636285 0.913574 0.638889 0.913574 0.640625 0.914062 0.641493 0.916504 0.640625 0.916504 0.633681
0 0.919922 0.652778 0.919922 0.659722 0.933105 0.659722 0.933105 0.651910 0.922363 0.651042
0 0.915387 0.682292 0.927387 0.682292 0.927387 0.664292 0.915387 0.664292
0 0.975586 0.715278 0.979980 0.724826 0.982910 0.726562 0.983398 0.724826 0.984863 0.725694 0.984863 0.715278
0 0.954205 0.770834 0.966205 0.770834 0.966205 0.750712 0.954205 0.750712
0 0.292969 0.692708 0.286621 0.750000 0.303223 0.750000 0.303223 0.692708
0 0.255859 0.616319 0.255859 0.644097 0.283203 0.644097 0.283203 0.612847
0 0.197266 0.608507 0.164062 0.610243 0.164062 0.644965 0.197266 0.644965
0 0.318359 0.720486 0.318359 0.771701 0.342773 0.771701 0.348633 0.753472 0.348633 0.720486
0 0.246582 0.730035 0.245117 0.732639 0.243652 0.742188 0.243164 0.756944 0.246094 0.756944 0.247070 0.753472
0 0.332520 0.500868 0.332520 0.513021 0.348145 0.517361 0.360352 0.534722 0.360352 0.500868
0 0.485840 0.767361 0.480957 0.771701 0.480957 0.774306 0.483887 0.777778 0.482910 0.782118 0.476562 0.782986 0.485840 0.782986
0 0.503906 0.500000 0.503906 0.539062 0.531738 0.539062 0.531738 0.500000
