0 0.235000 0.534000 0.235000 0.638000 0.300000 0.626000 0.346000 0.638000 0.346000 0.615000 0.323000 0.603000 0.346000 0.597000 0.346000 0.534000
0 0.595000 0.506000 0.595000 0.565000 0.620000 0.548000 0.634000 0.609000 0.651000 0.609000 0.636000 0.569000 0.678000 0.609000 0.663000 0.527000 0.636000 0.541000 0.613000 0.523000 0.640000 0.535000 0.677000 0.506000
0 0.519000 0.247000 0.519000 0.311000 0.602000 0.322000 0.602000 0.247000
0 0.435000 0.396000 0.453000 0.396000 0.455000 0.380000 0.478000 0.363000 0.494000 0.369000 0.516000 0.349000 0.516000 0.323000 0.435000 0.323000
0 0.689000 0.287000 0.689000 0.378000 0.787000 0.378000 0.787000 0.338000 0.715000 0.330000 0.787000 0.329000 0.787000 0.287000
0 0.845000 0.453000 0.845000 0.511000 0.929000 0.511000 0.929000 0.453000
0 0.136000 0.286000 0.136000 0.344000 0.213000 0.344000 0.213000 0.295000 0.187000 0.286000
0 0.073000 0.598000 0.073000 0.617000 0.122000 0.634000 0.099000 0.669000 0.150000 0.669000 0.150000 0.593000
0 0.380000 0.555000 0.380000 0.604000 0.392000 0.603000 0.380000 0.614000 0.445000 0.608000 0.443000 0.555000
0 0.490000 0.699000 0.490000 0.761000 0.563000 0.761000 0.563000 0.749000 0.547000 0.748000 0.563000 0.699000
0 0.977000 0.660000 0.964000 0.660000 0.953000 0.693000 0.927000 0.686000 0.937000 0.702000 0.927000 0.726000 0.972000 0.726000 0.977000 0.708000 0.967000 0.714000 0.966000 0.702000 0.977000 0.698000 0.977000 0.685000 0.967000 0.679000
0 0.778000 0.155000 0.778000 0.210000 0.845000 0.210000 0.845000 0.155000
