0 0.345035 0.614286 0.345035 0.663492 0.371113 0.663492 0.371113 0.614286
0 0.457372 0.439683 0.457372 0.525397 0.461384 0.512698 0.468405 0.514286 0.466399 0.525397 0.502508 0.525397 0.502508 0.439683
0 0.501505 0.634921 0.499498 0.650794 0.494483 0.665079 0.488465 0.671429 0.501505 0.671429
0 0.646941 0.296825 0.646941 0.365079 0.665998 0.365079 0.661986 0.342857 0.674022 0.365079 0.682046 0.365079 0.682046 0.296825
0 0.718154 0.350794 0.718154 0.441270 0.757272 0.441270 0.757272 0.350794
0 0.716148 0.520635 0.716148 0.604762 0.729188 0.604762 0.738215 0.520635
0 0.078235 0.685714 0.078235 0.720635 0.092277 0.720635 0.091274 0.701587 0.088265 0.696825 0.091274 0.685714
0 0.323972 0.631746 0.319960 0.631746 0.317954 0.676190 0.323972 0.673016
0 0.501505 0.633333 0.499498 0.650794 0.494483 0.658730 0.494483 0.687302 0.518556 0.687302 0.518556 0.633333
0 0.546640 0.576190 0.546640 0.630159 0.569709 0.630159 0.569709 0.576190
