0 0.156134 0.443163 0.137546 0.443163 0.121437 0.464580 0.101611 0.454695 0.101611 0.507414 0.147460 0.507414 0.156134 0.459638 0.137546 0.482702 0.135068 0.456343
0 0.351921 0.482702 0.351921 0.546952 0.399009 0.546952 0.387856 0.535420 0.399009 0.520593 0.399009 0.482702 0.384139 0.522241 0.386617 0.482702 0.370508 0.482702 0.368030 0.509061 0.355638 0.502471 0.365551 0.482702
0 0.372986 0.553542 0.372986 0.601318 0.408922 0.598023 0.408922 0.553542
0 0.524164 0.314662 0.524164 0.380560 0.574969 0.380560 0.574969 0.314662
0 0.654275 0.375618 0.654275 0.441516 0.707559 0.441516 0.707559 0.401977 0.697646 0.393740 0.701363 0.375618
0 0.710037 0.558484 0.693928 0.588138 0.712515 0.594728 0.705081 0.642504 0.727385 0.642504 0.727385 0.558484
0 0.765799 0.756178 0.765799 0.800659 0.815366 0.800659 0.815366 0.767710 0.795539 0.762768 0.794300 0.733114 0.786865 0.733114 0.786865 0.762768
0 0.952912 0.678748 0.914498 0.678748 0.895911 0.757825 0.905824 0.757825 0.919455 0.716639 0.921933 0.757825 0.929368 0.757825 0.936803 0.698517 0.952912 0.710049
0 0.039653 0.416804 0.042131 0.467875 0.047088 0.467875 0.045849 0.421746 0.048327 0.416804
0 0.232962 0.711697 0.232962 0.754530 0.273854 0.754530 0.273854 0.711697
0 0.149938 0.616145 0.144981 0.632619 0.144981 0.655684 0.180917 0.655684 0.180917 0.616145 0.173482 0.616145 0.166047 0.626030 0.159851 0.622735 0.159851 0.616145
