0 0.320652 0.668235 0.318478 0.680000 0.320652 0.687059 0.319565 0.734118 0.323913 0.734118 0.323913 0.668235
0 0.344565 0.663529 0.344565 0.727059 0.370652 0.727059 0.370652 0.663529
0 0.417391 0.628235 0.417391 0.656471 0.425000 0.661176 0.423913 0.670588 0.417391 0.668235 0.417391 0.708235 0.441304 0.708235 0.445652 0.628235
0 0.457609 0.418824 0.457609 0.522353 0.486957 0.458824 0.495652 0.465882 0.491304 0.477647 0.502174 0.477647 0.502174 0.418824
0 0.502174 0.677647 0.498913 0.703529 0.494565 0.710588 0.494565 0.720000 0.486957 0.731765 0.502174 0.731765
0 0.645652 0.221176 0.645652 0.312941 0.665217 0.312941 0.660870 0.280000 0.672826 0.312941 0.681522 0.312941 0.681522 0.221176
0 0.710870 0.298824 0.710870 0.418824 0.754348 0.418824 0.754348 0.298824
0 0.777174 0.531765 0.772826 0.531765 0.756522 0.588235 0.758696 0.602353 0.751087 0.614118 0.747826 0.647059 0.777174 0.647059
0 0.080435 0.750588 0.080435 0.800000 0.092391 0.800000 0.090217 0.771765 0.091304 0.750588
0 0.104348 0.640000 0.104348 0.684706 0.120652 0.684706 0.118478 0.640000
