0 0.121875 0.398611 0.121875 0.404167 0.117708 0.405556 0.117708 0.438889 0.136458 0.438889 0.138542 0.423611 0.144792 0.419444 0.143750 0.413889 0.122917 0.408333 0.121875 0.400000 0.125000 0.398611
0 0.178125 0.475000 0.190625 0.540278 0.227083 0.540278 0.227083 0.504167 0.219792 0.500000 0.209375 0.475000
0 0.233333 0.579167 0.248958 0.600000 0.253125 0.627778 0.246875 0.629167 0.250000 0.644444 0.243750 0.651389 0.278125 0.651389 0.278125 0.579167
0 0.340625 0.656944 0.334375 0.655556 0.331250 0.651389 0.331250 0.645833 0.328125 0.650000 0.318750 0.651389 0.318750 0.659722 0.340625 0.659722
0 0.371875 0.654167 0.371875 0.679167 0.384375 0.693056 0.384375 0.705556 0.407292 0.705556 0.407292 0.700000 0.398958 0.697222 0.407292 0.675000 0.407292 0.654167
0 0.132292 0.325000 0.132292 0.365278 0.161458 0.365278 0.161458 0.325000
0 0.466667 0.536111 0.464583 0.576389 0.487500 0.577778 0.502083 0.587500 0.502083 0.536111
0 0.542708 0.480556 0.542708 0.522222 0.575000 0.522222 0.575000 0.480556
0 0.582292 0.465278 0.582292 0.504167 0.618750 0.504167 0.618750 0.465278
0 0.592708 0.619444 0.592708 0.630556 0.603125 0.638889 0.592708 0.656944 0.592708 0.669444 0.622917 0.669444 0.622917 0.619444
0 0.854167 0.659722 0.854167 0.686111 0.875000 0.686111 0.875000 0.659722
0 0.210417 0.366667 0.210417 0.408333 0.247917 0.408333 0.247917 0.366667
