0 0.560185 0.395706 0.560185 0.417178 0.562037 0.418712 0.563889 0.409509 0.563889 0.401840 0.562963 0.400307 0.562963 0.395706
0 0.105556 0.565951 0.103704 0.565951 0.102778 0.585890 0.103704 0.611963
0 0.588889 0.572086 0.588889 0.590491 0.613889 0.590491 0.613889 0.573620 0.610185 0.572086 0.609259 0.555215 0.600926 0.555215 0.598148 0.575153
0 0.608333 0.546012 0.608333 0.585890 0.624074 0.585890 0.625000 0.565951 0.620370 0.564417 0.620370 0.581288 0.611111 0.573620
0 0.654630 0.434049 0.665741 0.443252 0.666667 0.457055 0.663889 0.473926 0.669444 0.473926 0.671296 0.434049
0 0.293519 0.677914 0.288889 0.677914 0.280556 0.722393 0.264815 0.696319 0.264815 0.725460 0.293519 0.725460
0 0.199074 0.661043 0.199074 0.711656 0.214815 0.682515 0.222222 0.685583 0.222222 0.700920 0.215741 0.711656 0.226852 0.711656 0.226852 0.661043
0 0.666667 0.486196 0.666667 0.496933 0.676852 0.498466 0.682407 0.503067 0.682407 0.498466 0.678704 0.495399 0.678704 0.486196 0.676852 0.489264 0.675000 0.489264 0.674074 0.486196
0 0.006481 0.457055 0.006481 0.483129 0.008333 0.484663 0.008333 0.489264 0.006481 0.490798 0.008333 0.492331 0.008333 0.498466 0.010185 0.498466 0.010185 0.467791 0.012037 0.457055
0 0.120370 0.559816 0.120370 0.567485 0.130556 0.584356 0.131481 0.598160 0.133333 0.593558 0.137037 0.598160 0.139815 0.592025 0.132407 0.579755 0.132407 0.564417 0.126852 0.569018 0.124074 0.559816
0 0.726852 0.417178 0.705556 0.417178 0.710185 0.452454 0.708333 0.469325 0.714815 0.469325 0.714815 0.440184 0.725000 0.435583
0 0.907407 0.248466 0.907407 0.308282 0.939815 0.308282 0.939815 0.248466
0 0.773167 0.906442 0.785167 0.906442 0.785167 0.886626 0.773167 0.886626
0 0.430556 0.831288 0.430556 0.840491 0.436111 0.835890 0.444444 0.838957 0.437963 0.868098 0.450000 0.868098 0.450000 0.831288
0 0.412963 0.280675 0.414815 0.315951 0.419444 0.317485 0.415741 0.306748 0.424074 0.306748 0.428704 0.317485 0.421296 0.319018 0.423148 0.326687 0.432407 0.326687 0.434259 0.311350 0.439815 0.309816 0.439815 0.280675
0 0.259259 0.592025 0.266667 0.615031 0.262963 0.624233 0.254630 0.622699 0.254630 0.630368 0.276852 0.630368 0.276852 0.621166 0.271296 0.611963 0.271296 0.592025
0 0.497222 0.340491 0.497222 0.398773 0.525926 0.398773 0.525926 0.340491
0 0.482407 0.377301 0.480556 0.415644 0.476852 0.417178 0.481481 0.421779 0.482407 0.432515 0.476852 0.437117 0.495370 0.437117 0.495370 0.377301
0 0.388889 0.524540 0.378704 0.524540 0.375926 0.569018 0.383333 0.569018 0.384259 0.541411 0.388889 0.536810
0 0.782407 0.415644 0.782407 0.446319 0.805556 0.446319 0.805556 0.415644
0 0.802778 0.622699 0.802778 0.659509 0.824074 0.659509 0.824074 0.622699
0 0.421296 0.622699 0.421296 0.630368 0.436111 0.630368 0.436111 0.625767 0.430556 0.624233 0.426852 0.625767 0.425000 0.622699
0 0.229630 0.720859 0.229630 0.733129 0.237037 0.736196 0.241667 0.728528 0.250926 0.728528 0.250926 0.720859
0 0.820370 0.541411 0.820370 0.562883 0.842593 0.562883 0.837037 0.549080 0.832407 0.553681 0.829630 0.544479
