0 0.923438 0.550000 0.925000 0.562500 0.917188 0.568750 0.928125 0.585417 0.931250 0.645833 0.942187 0.650000 0.935937 0.550000
0 0.137500 0.585417 0.137500 0.672917 0.168750 0.672917 0.159375 0.658333 0.189062 0.645833 0.189062 0.585417
0 0.198437 0.475000 0.198437 0.585417 0.259375 0.585417 0.262500 0.475000
0 0.143750 0.122917 0.143750 0.218750 0.201563 0.218750 0.201563 0.122917
0 0.367188 0.252083 0.367188 0.341667 0.423438 0.341667 0.423438 0.252083
0 0.442188 0.475000 0.442188 0.566667 0.496875 0.566667 0.496875 0.475000
0 0.510938 0.527083 0.510938 0.625000 0.571875 0.625000 0.571875 0.527083
0 0.653125 0.118750 0.653125 0.243750 0.729688 0.243750 0.729688 0.118750
0 0.728125 0.331250 0.757812 0.358333 0.762500 0.418750 0.745313 0.454167 0.771875 0.454167 0.771875 0.331250
0 0.031250 0.552083 0.031250 0.666667 0.092188 0.666667 0.092188 0.552083
0 0.862500 0.631250 0.857812 0.731250 0.868750 0.731250 0.871875 0.631250
0 0.475000 0.066667 0.475000 0.150000 0.548438 0.150000 0.548438 0.066667
0 0.528125 0.595833 0.528125 0.660417 0.570312 0.660417 0.570312 0.595833
0 0.239063 0.306250 0.239063 0.358333 0.284375 0.358333 0.284375 0.306250
