0 0.569091 0.184019 0.567273 0.205811 0.560000 0.215496 0.560000 0.230024 0.550909 0.261501 0.556364 0.261501 0.565455 0.230024
0 0.312727 0.246973 0.312727 0.302663 0.332727 0.302663 0.332727 0.295400 0.327273 0.290557
0 0.330909 0.079903 0.330909 0.150121 0.358182 0.150121 0.358182 0.133172 0.383636 0.150121 0.383636 0.079903
0 0.321818 0.421308 0.320000 0.426150 0.325455 0.435835 0.323636 0.443099 0.325455 0.445521 0.325455 0.455206 0.329091 0.457627 0.330909 0.455206 0.332727 0.435835
0 0.291273 0.530266 0.308727 0.530266 0.308727 0.493462 0.291273 0.493462
0 0.327019 0.595641 0.343891 0.595641 0.343891 0.565278 0.327019 0.565278
0 0.409054 0.491525 0.436400 0.491525 0.436400 0.438159 0.409054 0.438159
0 0.481818 0.426150 0.481818 0.438257 0.485455 0.440678 0.481818 0.450363 0.487273 0.443099 0.500000 0.445521 0.505455 0.452785 0.501818 0.445521 0.496364 0.443099 0.490909 0.426150
0 0.494400 0.423729 0.516510 0.423729 0.516510 0.383245 0.494400 0.383245
0 0.583636 0.215496 0.581818 0.297821 0.587273 0.297821 0.589091 0.215496
0 0.620000 0.193705 0.620000 0.213075 0.672727 0.196126 0.654545 0.266344 0.683636 0.200969 0.669091 0.266344 0.690909 0.266344 0.681818 0.259080 0.690909 0.193705
0 0.692727 0.479419 0.687273 0.566586 0.692727 0.566586
0 0.967563 0.452784 0.981527 0.452784 0.981527 0.424261 0.967563 0.424261
0 0.141527 0.489104 0.156655 0.489104 0.156655 0.460580 0.141527 0.460580
0 0.230909 0.220339 0.230909 0.273608 0.238182 0.268765 0.236364 0.239709 0.261818 0.239709 0.280000 0.259080 0.280000 0.220339
0 0.818182 0.535109 0.800000 0.537530 0.798182 0.489104 0.792727 0.535109 0.783636 0.530266 0.774545 0.542373 0.756364 0.535109 0.752727 0.547215 0.818182 0.547215
