0 0.552000 0.326837 0.552000 0.368816 0.581000 0.368816 0.581000 0.326837
0 0.155000 0.005997 0.155000 0.050975 0.164000 0.050975 0.173000 0.035982 0.180000 0.040480 0.185000 0.031484 0.185000 0.005997
0 0.169000 0.000000 0.169000 0.028486 0.173000 0.028486 0.174000 0.010495 0.178000 0.016492 0.177000 0.028486 0.195000 0.028486 0.195000 0.000000
0 0.322000 0.000000 0.322000 0.025487 0.352000 0.025487 0.352000 0.000000
0 0.203000 0.290855 0.203000 0.338831 0.234000 0.338831 0.234000 0.331334 0.229000 0.328336 0.229000 0.319340 0.234000 0.313343 0.234000 0.290855
0 0.103000 0.305847 0.100000 0.310345 0.100000 0.332834 0.107000 0.322339 0.111000 0.332834 0.119000 0.338831 0.117000 0.347826 0.125000 0.347826 0.125000 0.305847
0 0.184000 0.413793 0.184000 0.475262 0.214000 0.475262 0.213000 0.430285 0.219000 0.413793 0.207000 0.413793 0.208000 0.419790 0.199000 0.425787 0.194000 0.421289 0.201000 0.416792
0 0.341000 0.422789 0.341000 0.503748 0.372000 0.503748 0.358000 0.460270 0.372000 0.448276 0.371000 0.473763 0.388000 0.464768 0.388000 0.422789 0.374000 0.422789 0.372000 0.446777 0.348000 0.442279 0.355000 0.422789
0 0.350000 0.545727 0.308000 0.545727 0.308000 0.608696 0.323000 0.608696 0.321000 0.581709 0.325000 0.566717
0 0.416000 0.523238 0.416000 0.590705 0.427000 0.590705 0.431000 0.578711 0.433000 0.590705 0.464000 0.590705 0.464000 0.523238 0.444000 0.523238 0.442000 0.530735
0 0.436000 0.572714 0.436000 0.631184 0.481000 0.631184 0.481000 0.572714
0 0.499000 0.472264 0.499000 0.548726 0.509000 0.515742 0.519000 0.548726 0.510000 0.491754 0.531000 0.476762 0.525000 0.490255 0.545000 0.508246 0.548000 0.548726 0.545000 0.472264
0 0.495000 0.589205 0.495000 0.593703 0.501000 0.590705 0.509000 0.610195 0.522000 0.605697 0.523000 0.601199 0.536000 0.610195 0.536000 0.589205
0 0.444000 0.668666 0.459000 0.680660 0.484000 0.650675 0.444000 0.650675
0 0.567000 0.647676 0.551000 0.697151 0.567000 0.697151
0 0.374000 0.346327 0.374000 0.362819 0.381000 0.370315 0.380000 0.376312 0.374000 0.373313 0.374000 0.397301 0.402000 0.397301 0.409000 0.373313 0.409000 0.346327
0 0.431000 0.382309 0.430000 0.392804 0.440000 0.392804 0.438000 0.383808 0.437000 0.385307 0.434000 0.385307
0 0.459000 0.376312 0.452000 0.397301 0.445000 0.397301 0.438000 0.383808 0.431000 0.382309 0.429000 0.400300 0.424000 0.398801 0.424000 0.404798 0.444000 0.407796 0.459000 0.421289
0 0.427000 0.229385 0.427000 0.280360 0.458000 0.280360 0.458000 0.229385
0 0.535000 0.281859 0.535000 0.331334 0.564000 0.331334 0.564000 0.281859
0 0.560000 0.347826 0.560000 0.383808 0.577000 0.382309 0.576000 0.392804 0.590000 0.392804 0.590000 0.347826
0 0.668000 0.491754 0.643000 0.520240 0.636000 0.520240 0.629000 0.512744 0.629000 0.524738 0.643000 0.524738 0.654000 0.511244 0.668000 0.503748
0 0.632080 0.412294 0.651920 0.412294 0.651920 0.372414 0.632080 0.372414
0 0.622000 0.266867 0.622000 0.320840 0.657000 0.320840 0.657000 0.305847 0.646000 0.304348 0.652000 0.287856 0.646000 0.274363 0.648000 0.263868
0 0.692000 0.380810 0.692000 0.389805 0.694000 0.391304 0.693000 0.398801 0.710000 0.398801 0.710000 0.385307 0.704000 0.389805 0.700000 0.380810 0.697000 0.383808
0 0.657000 0.143928 0.657000 0.182909 0.694000 0.182909 0.694000 0.143928
0 0.734000 0.229385 0.734000 0.280360 0.754000 0.280360 0.754000 0.274363 0.768000 0.280360 0.768000 0.229385
0 0.779460 0.394303 0.801540 0.394303 0.801540 0.347586 0.779460 0.347586
0 0.791000 0.235382 0.791000 0.286357 0.820000 0.286357 0.820000 0.235382
0 0.828000 0.230885 0.828000 0.268366 0.852000 0.268366 0.856000 0.254873 0.852000 0.238381 0.846000 0.230885
0 0.846000 0.148426 0.846000 0.188906 0.873000 0.188906 0.873000 0.148426
0 0.896000 0.047976 0.896000 0.092954 0.928000 0.092954 0.928000 0.047976
0 0.246000 0.308846 0.246000 0.368816 0.289000 0.368816 0.289000 0.308846 0.259000 0.308846 0.255000 0.317841 0.253000 0.308846
0 0.670000 0.514243 0.668000 0.532234 0.674000 0.521739 0.682000 0.541229 0.678000 0.551724 0.672000 0.548726 0.672000 0.562219 0.698000 0.562219 0.698000 0.514243
