0 0.731250 0.378889 0.731250 0.504444 0.813125 0.504444 0.813125 0.378889
0 0.859375 0.316667 0.859375 0.432222 0.869375 0.443333 0.945000 0.368889 0.929375 0.472222 0.945625 0.407778 0.945625 0.316667
0 0.866875 0.172222 0.881250 0.201111 0.866875 0.202222 0.877500 0.224444 0.866875 0.236667 0.866875 0.313333 0.955000 0.313333 0.955000 0.172222
0 0.773750 0.000000 0.773750 0.132222 0.861875 0.136667 0.861875 0.000000
0 0.630000 0.380000 0.631875 0.427778 0.660000 0.463333 0.646875 0.475556 0.630000 0.451111 0.630000 0.500000 0.692500 0.500000 0.692500 0.380000
0 0.486250 0.450000 0.486250 0.526667 0.528125 0.526667 0.528125 0.450000
0 0.536875 0.408889 0.536875 0.464444 0.576250 0.464444 0.576250 0.408889
0 0.616250 0.551111 0.616250 0.601111 0.655625 0.565556 0.666250 0.590000 0.680000 0.587778 0.685000 0.608889 0.666875 0.675556 0.675625 0.675556 0.689375 0.635556 0.689375 0.551111
0 0.506250 0.706667 0.506250 0.791111 0.537500 0.791111 0.537500 0.706667
0 0.436875 0.164444 0.436875 0.236667 0.500000 0.236667 0.500000 0.164444
0 0.250625 0.447778 0.250625 0.531111 0.307500 0.531111 0.307500 0.447778
