0 0.077148 0.630208 0.076172 0.631510 0.071289 0.631510 0.067383 0.635417 0.066406 0.643229 0.070312 0.643229 0.071289 0.638021 0.077148 0.634115
0 0.288086 0.412760 0.286133 0.425781 0.280273 0.434896 0.279297 0.451823 0.307617 0.451823 0.307617 0.427083 0.296875 0.425781 0.296875 0.417969
0 0.328125 0.355469 0.328125 0.415365 0.337891 0.371094 0.347656 0.389323 0.341797 0.415365 0.357422 0.410156 0.355469 0.373698 0.366211 0.411458 0.381836 0.414062 0.375977 0.355469 0.340820 0.355469 0.338867 0.369792
0 0.440430 0.346354 0.415039 0.346354 0.412109 0.359375 0.421875 0.360677 0.411133 0.386719 0.415039 0.393229 0.432617 0.375000 0.433594 0.364583 0.440430 0.359375
0 0.610352 0.315104 0.610352 0.386719 0.620117 0.386719 0.622070 0.373698 0.633789 0.382812 0.636719 0.365885 0.641602 0.372396 0.644531 0.361979 0.651367 0.361979 0.651367 0.315104
0 0.707031 0.259115 0.707031 0.319010 0.734375 0.330729 0.722656 0.341146 0.749023 0.332031 0.742188 0.322917 0.759766 0.315104 0.755859 0.341146 0.764648 0.341146 0.764648 0.259115
0 0.952148 0.287760 0.900391 0.287760 0.900391 0.321615 0.914062 0.319010 0.912109 0.329427 0.900391 0.333333 0.900391 0.358073 0.912109 0.361979 0.913086 0.348958 0.942383 0.307292 0.931641 0.300781
0 0.868164 0.441406 0.890625 0.498698 0.862305 0.471354 0.850586 0.483073 0.865234 0.489583 0.875977 0.522135 0.893555 0.528646 0.898438 0.458333 0.887695 0.441406
0 0.929688 0.531250 0.929688 0.576823 0.955078 0.576823 0.944336 0.553385 0.967773 0.540365 0.961914 0.540365 0.962891 0.532552 0.960938 0.542969
0 0.080078 0.359375 0.080078 0.410156 0.082031 0.414062 0.095703 0.414062 0.092773 0.408854 0.095703 0.385417
0 0.118164 0.574219 0.113281 0.583333 0.114258 0.595052 0.109375 0.598958 0.123047 0.598958 0.122070 0.579427 0.121094 0.582031 0.115234 0.580729
0 0.224609 0.229167 0.226562 0.256510 0.210938 0.256510 0.210938 0.290365 0.238281 0.281250 0.243164 0.266927 0.234375 0.252604 0.243164 0.238281 0.247070 0.289062 0.267578 0.299479 0.276367 0.229167 0.235352 0.229167 0.231445 0.240885
