0 0.699219 0.320964 0.699219 0.354818 0.714355 0.354818 0.706055 0.339193 0.702637 0.341146 0.704102 0.335286 0.720703 0.354818 0.730469 0.354818 0.732422 0.347005 0.715820 0.333984 0.717773 0.324870 0.709473 0.328125
0 0.018066 0.160156 0.023438 0.171224 0.018066 0.176432 0.018066 0.252604 0.060547 0.252604 0.060547 0.160156
0 0.227539 0.376302 0.227539 0.470703 0.237793 0.470703 0.237793 0.450521 0.250488 0.470703 0.292969 0.470703 0.292969 0.376302
0 0.322754 0.397786 0.322754 0.488281 0.385742 0.488281 0.385742 0.397786 0.373047 0.397786 0.379883 0.412760 0.367676 0.397786 0.341797 0.397786 0.348633 0.416667
0 0.366699 0.402995 0.366699 0.490885 0.431641 0.499349 0.431641 0.402995 0.416992 0.402995 0.421875 0.415365 0.413574 0.402995 0.377930 0.402995 0.379883 0.412760
0 0.737793 0.378906 0.737793 0.399089 0.759766 0.448568 0.748535 0.401042 0.789062 0.432943 0.789062 0.409505 0.756348 0.389974 0.770996 0.378906
0 0.809570 0.341146 0.851562 0.341146 0.855469 0.336589 0.835938 0.329427 0.833984 0.322917 0.830078 0.322266 0.827148 0.330078 0.809570 0.336589
0 0.825195 0.172526 0.822754 0.224609 0.863770 0.224609 0.863770 0.208984 0.855469 0.216797 0.843262 0.204427 0.856934 0.194010 0.863770 0.205078 0.861816 0.191406 0.845703 0.195312 0.847656 0.183594 0.838867 0.172526 0.834473 0.180339
0 0.802842 0.000651 0.831436 0.000651 0.831436 0.000000 0.802842 0.000000
0 0.129883 0.448568 0.129883 0.515625 0.176270 0.515625 0.176270 0.448568
0 0.476562 0.381510 0.476562 0.427734 0.523438 0.427734 0.518555 0.423177 0.524414 0.417969 0.521973 0.381510 0.515625 0.395833 0.503906 0.381510
