0 0.133333 0.325000 0.133333 0.383333 0.200000 0.383333 0.200000 0.325000
0 0.216667 0.410000 0.221667 0.441667 0.235000 0.463333 0.275000 0.466667 0.275000 0.410000
0 0.878333 0.626667 0.878333 0.653333 0.883333 0.653333 0.885000 0.641667 0.891667 0.653333 0.915000 0.653333 0.921667 0.645000 0.921667 0.635000 0.911667 0.636667 0.913333 0.625000 0.905000 0.615000 0.895000 0.615000 0.896667 0.625000 0.891667 0.628333
0 0.890000 0.581667 0.896667 0.596667 0.895000 0.601667 0.890000 0.600000 0.890000 0.610000 0.895000 0.613333 0.896667 0.623333 0.911667 0.623333 0.898333 0.610000 0.901667 0.585000
0 0.711667 0.378333 0.711667 0.425000 0.778333 0.425000 0.778333 0.378333 0.730000 0.378333 0.728333 0.383333
0 0.805000 0.321667 0.805000 0.391667 0.883333 0.391667 0.883333 0.321667
0 0.881667 0.408333 0.881667 0.448333 0.893333 0.448333 0.895000 0.455000 0.923333 0.455000 0.923333 0.408333
0 0.746667 0.631667 0.746667 0.635000 0.750000 0.636667 0.755000 0.646667 0.756667 0.646667 0.758333 0.643333 0.758333 0.638333 0.753333 0.633333 0.753333 0.631667
0 0.525000 0.370000 0.505000 0.370000 0.505000 0.398333 0.505000 0.383333 0.515000 0.371667 0.521667 0.370000 0.525000 0.375000
0 0.428333 0.345000 0.428333 0.393333 0.478333 0.393333 0.478333 0.381667 0.461667 0.380000 0.478333 0.371667 0.478333 0.345000
0 0.371667 0.408333 0.371667 0.466667 0.421667 0.466667 0.421667 0.440000 0.413333 0.438333 0.410000 0.451667 0.401667 0.445000 0.421667 0.408333
0 0.853333 0.623333 0.853333 0.638333 0.846667 0.650000 0.855000 0.650000 0.860000 0.641667 0.865000 0.641667 0.865000 0.638333 0.855000 0.631667
0 0.153333 0.535000 0.153333 0.616667 0.171667 0.653333 0.203333 0.645000 0.226667 0.598333 0.255000 0.608333 0.215000 0.573333 0.200000 0.535000 0.178333 0.535000 0.173333 0.555000
0 0.653333 0.520000 0.628333 0.520000 0.631667 0.541667 0.626667 0.548333 0.620000 0.545000 0.628333 0.565000 0.635000 0.558333 0.635000 0.588333 0.653333 0.558333 0.643333 0.548333 0.645000 0.541667 0.653333 0.543333
0 0.043333 0.330000 0.043333 0.403333 0.078333 0.403333 0.091667 0.393333 0.128333 0.403333 0.128333 0.330000
0 0.521667 0.310000 0.521667 0.353333 0.581667 0.353333 0.581667 0.310000
